883.097
159.286
1.08325e+07
0
-195.531
209.789
-2.12219e+06
0
0.0664696
0.00828643
899.493
0
883.438
159.418
1.08306e+07
0
-195.634
210.2
-2.12175e+06
0
0.0665114
0.00829165
899.779
0
883.779
159.549
1.08287e+07
0
-195.737
210.611
-2.1213e+06
0
0.0665533
0.00829687
900.065
0
884.12
159.681
1.08268e+07
0
-195.841
211.022
-2.12085e+06
0
0.0665952
0.00830209
900.352
0
884.461
159.812
1.08249e+07
0
-195.944
211.433
-2.12041e+06
0
0.066637
0.00830731
900.638
0
884.802
159.944
1.0823e+07
0
-196.047
211.845
-2.11996e+06
0
0.0666789
0.00831253
900.924
0
885.143
160.076
1.08211e+07
0
-196.151
212.256
-2.11951e+06
0
0.0667208
0.00831775
901.21
0
885.484
160.207
1.08192e+07
0
-196.254
212.667
-2.11907e+06
0
0.0667626
0.00832297
901.496
0
885.825
160.339
1.08173e+07
0
-196.357
213.078
-2.11862e+06
0
0.0668045
0.00832819
901.782
0
886.166
160.47
1.08154e+07
0
-196.461
213.489
-2.11817e+06
0
0.0668464
0.0083334
902.069
0
886.507
160.602
1.08135e+07
0
-196.564
213.901
-2.11773e+06
0
0.0668882
0.00833862
902.355
0
886.848
160.734
1.08116e+07
0
-196.667
214.312
-2.11728e+06
0
0.0669301
0.00834384
902.641
0
887.189
160.865
1.08097e+07
0
-196.771
214.723
-2.11683e+06
0
0.066972
0.00834906
902.927
0
887.53
160.997
1.08077e+07
0
-196.874
215.134
-2.11639e+06
0
0.0670139
0.00835429
903.213
0
887.871
161.128
1.08058e+07
0
-196.977
215.545
-2.11594e+06
0
0.0670557
0.0083595
903.5
0
888.212
161.26
1.08039e+07
0
-197.08
215.957
-2.1155e+06
0
0.0670976
0.00836472
903.785
0
888.553
161.392
1.0802e+07
0
-197.184
216.368
-2.11505e+06
0
0.0671395
0.00836994
904.072
0
888.894
161.523
1.08001e+07
0
-197.287
216.779
-2.1146e+06
0
0.0671813
0.00837516
904.358
0
889.235
161.655
1.07982e+07
0
-197.39
217.19
-2.11416e+06
0
0.0672232
0.00838038
904.644
0
889.576
161.786
1.07963e+07
0
-197.494
217.601
-2.11371e+06
0
0.0672651
0.0083856
904.93
0
889.917
161.918
1.07944e+07
0
-197.597
218.013
-2.11326e+06
0
0.0673069
0.00839082
905.216
0
890.258
162.05
1.07925e+07
0
-197.7
218.424
-2.11282e+06
0
0.0673488
0.00839604
905.502
0
890.599
162.181
1.07906e+07
0
-197.804
218.835
-2.11237e+06
0
0.0673907
0.00840126
905.789
0
890.94
162.313
1.07887e+07
0
-197.907
219.246
-2.11192e+06
0
0.0674325
0.00840648
906.075
0
891.281
162.444
1.07868e+07
0
-198.01
219.657
-2.11148e+06
0
0.0674744
0.0084117
906.361
0
891.622
162.576
1.07849e+07
0
-198.113
220.069
-2.11103e+06
0
0.0675163
0.00841692
906.647
0
891.963
162.708
1.0783e+07
0
-198.217
220.48
-2.11058e+06
0
0.0675582
0.00842214
906.933
0
892.304
162.839
1.07811e+07
0
-198.32
220.891
-2.11014e+06
0
0.0676
0.00842736
907.219
0
892.645
162.971
1.07792e+07
0
-198.423
221.302
-2.10969e+06
0
0.0676419
0.00843258
907.506
0
892.986
163.102
1.07773e+07
0
-198.527
221.714
-2.10924e+06
0
0.0676838
0.0084378
907.792
0
893.327
163.234
1.07754e+07
0
-198.63
222.125
-2.1088e+06
0
0.0677256
0.00844302
908.078
0
893.668
163.366
1.07735e+07
0
-198.733
222.536
-2.10835e+06
0
0.0677675
0.00844824
908.364
0
894.009
163.497
1.07715e+07
0
-198.837
222.947
-2.1079e+06
0
0.0678094
0.00845346
908.65
0
894.349
163.629
1.07696e+07
0
-198.94
223.358
-2.10746e+06
0
0.0678512
0.00845868
908.936
0
894.691
163.76
1.07677e+07
0
-199.043
223.77
-2.10701e+06
0
0.0678931
0.0084639
909.222
0
895.032
163.892
1.07658e+07
0
-199.147
224.181
-2.10656e+06
0
0.067935
0.00846912
909.509
0
895.373
164.024
1.07639e+07
0
-199.25
224.592
-2.10612e+06
0
0.0679768
0.00847434
909.795
0
895.714
164.155
1.0762e+07
0
-199.353
225.003
-2.10567e+06
0
0.0680187
0.00847956
910.081
0
896.055
164.287
1.07601e+07
0
-199.456
225.414
-2.10522e+06
0
0.0680606
0.00848478
910.367
0
896.396
164.418
1.07582e+07
0
-199.56
225.826
-2.10478e+06
0
0.0681025
0.00848999
910.653
0
896.737
164.55
1.07563e+07
0
-199.663
226.237
-2.10433e+06
0
0.0681443
0.00849521
910.939
0
897.077
164.682
1.07544e+07
0
-199.766
226.648
-2.10388e+06
0
0.0681862
0.00850044
911.226
0
897.418
164.813
1.07525e+07
0
-199.87
227.059
-2.10344e+06
0
0.0682281
0.00850565
911.512
0
897.759
164.945
1.07506e+07
0
-199.973
227.47
-2.10299e+06
0
0.0682699
0.00851087
911.798
0
898.1
165.076
1.07487e+07
0
-200.076
227.882
-2.10254e+06
0
0.0683118
0.00851609
912.084
0
898.441
165.208
1.07468e+07
0
-200.18
228.293
-2.1021e+06
0
0.0683537
0.00852131
912.37
0
898.782
165.34
1.07449e+07
0
-200.283
228.704
-2.10165e+06
0
0.0683955
0.00852653
912.656
0
899.123
165.471
1.0743e+07
0
-200.386
229.115
-2.10121e+06
0
0.0684374
0.00853175
912.942
0
899.464
165.603
1.07411e+07
0
-200.49
229.526
-2.10076e+06
0
0.0684793
0.00853697
913.229
0
899.805
165.735
1.07392e+07
0
-200.593
229.938
-2.10031e+06
0
0.0685212
0.00854219
913.515
0
900.146
165.866
1.07373e+07
0
-200.696
230.349
-2.09987e+06
0
0.068563
0.00854741
913.801
0
900.487
165.998
1.07354e+07
0
-200.799
230.76
-2.09942e+06
0
0.0686049
0.00855263
914.087
0
900.828
166.129
1.07334e+07
0
-200.903
231.171
-2.09897e+06
0
0.0686468
0.00855785
914.373
0
901.169
166.261
1.07315e+07
0
-201.006
231.582
-2.09853e+06
0
0.0686886
0.00856307
914.659
0
901.51
166.393
1.07296e+07
0
-201.109
231.994
-2.09808e+06
0
0.0687305
0.00856829
914.946
0
901.851
166.524
1.07277e+07
0
-201.213
232.405
-2.09763e+06
0
0.0687724
0.00857351
915.232
0
902.192
166.656
1.07258e+07
0
-201.316
232.816
-2.09719e+06
0
0.0688142
0.00857873
915.518
0
902.533
166.787
1.07239e+07
0
-201.419
233.227
-2.09674e+06
0
0.0688561
0.00858395
915.804
0
902.874
166.919
1.0722e+07
0
-201.523
233.639
-2.09629e+06
0
0.068898
0.00858917
916.09
0
903.215
167.051
1.07201e+07
0
-201.626
234.05
-2.09585e+06
0
0.0689398
0.00859439
916.376
0
903.556
167.182
1.07182e+07
0
-201.729
234.461
-2.0954e+06
0
0.0689817
0.00859961
916.662
0
903.897
167.314
1.07163e+07
0
-201.833
234.872
-2.09495e+06
0
0.0690236
0.00860483
916.948
0
904.238
167.445
1.07144e+07
0
-201.936
235.283
-2.09451e+06
0
0.0690655
0.00861005
917.235
0
904.579
167.577
1.07125e+07
0
-202.039
235.695
-2.09406e+06
0
0.0691073
0.00861527
917.521
0
904.92
167.709
1.07106e+07
0
-202.143
236.106
-2.09361e+06
0
0.0691492
0.00862049
917.807
0
905.261
167.84
1.07087e+07
0
-202.246
236.517
-2.09317e+06
0
0.0691911
0.00862571
918.093
0
905.602
167.972
1.07068e+07
0
-202.349
236.928
-2.09272e+06
0
0.0692329
0.00863093
918.379
0
905.943
168.103
1.07049e+07
0
-202.452
237.339
-2.09227e+06
0
0.0692748
0.00863614
918.666
0
906.284
168.235
1.0703e+07
0
-202.556
237.751
-2.09183e+06
0
0.0693167
0.00864136
918.952
0
906.625
168.367
1.07011e+07
0
-202.659
238.162
-2.09138e+06
0
0.0693585
0.00864659
919.238
0
906.966
168.498
1.06992e+07
0
-202.762
238.573
-2.09093e+06
0
0.0694004
0.0086518
919.524
0
907.307
168.63
1.06972e+07
0
-202.866
238.984
-2.09049e+06
0
0.0694423
0.00865702
919.81
0
907.648
168.761
1.06953e+07
0
-202.969
239.395
-2.09004e+06
0
0.0694842
0.00866225
920.096
0
907.989
168.893
1.06934e+07
0
-203.072
239.807
-2.0896e+06
0
0.069526
0.00866746
920.382
0
908.33
169.025
1.06915e+07
0
-203.176
240.218
-2.08915e+06
0
0.0695679
0.00867268
920.669
0
908.671
169.156
1.06896e+07
0
-203.279
240.629
-2.0887e+06
0
0.0696098
0.0086779
920.955
0
909.012
169.288
1.06877e+07
0
-203.382
241.04
-2.08825e+06
0
0.0696516
0.00868312
921.241
0
909.353
169.419
1.06858e+07
0
-203.485
241.451
-2.08781e+06
0
0.0696935
0.00868834
921.527
0
909.694
169.551
1.06839e+07
0
-203.589
241.863
-2.08736e+06
0
0.0697354
0.00869356
921.813
0
910.035
169.683
1.0682e+07
0
-203.692
242.274
-2.08692e+06
0
0.0697772
0.00869878
922.099
0
910.376
169.814
1.06801e+07
0
-203.795
242.685
-2.08647e+06
0
0.0698191
0.008704
922.385
0
910.717
169.946
1.06782e+07
0
-203.899
243.096
-2.08602e+06
0
0.069861
0.00870922
922.672
0
911.058
170.077
1.06763e+07
0
-204.002
243.507
-2.08558e+06
0
0.0699028
0.00871444
922.958
0
911.399
170.209
1.06744e+07
0
-204.105
243.919
-2.08513e+06
0
0.0699447
0.00871966
923.244
0
911.74
170.341
1.06725e+07
0
-204.209
244.33
-2.08468e+06
0
0.0699866
0.00872488
923.53
0
912.081
170.472
1.06706e+07
0
-204.312
244.741
-2.08424e+06
0
0.0700285
0.0087301
923.816
0
912.422
170.604
1.06687e+07
0
-204.415
245.152
-2.08379e+06
0
0.0700703
0.00873532
924.102
0
912.763
170.735
1.06668e+07
0
-204.519
245.564
-2.08334e+06
0
0.0701122
0.00874054
924.388
0
913.104
170.867
1.06649e+07
0
-204.622
245.975
-2.0829e+06
0
0.0701541
0.00874576
924.675
0
913.445
170.999
1.0663e+07
0
-204.725
246.386
-2.08245e+06
0
0.0701959
0.00875098
924.961
0
913.786
171.13
1.06611e+07
0
-204.828
246.797
-2.082e+06
0
0.0702378
0.0087562
925.247
0
914.127
171.262
1.06591e+07
0
-204.932
247.208
-2.08156e+06
0
0.0702797
0.00876142
925.533
0
914.468
171.393
1.06572e+07
0
-205.035
247.62
-2.08111e+06
0
0.0703215
0.00876664
925.819
0
914.809
171.525
1.06553e+07
0
-205.138
248.031
-2.08066e+06
0
0.0703634
0.00877186
926.105
0
915.15
171.657
1.06534e+07
0
-205.242
248.442
-2.08022e+06
0
0.0704053
0.00877708
926.392
0
915.491
171.788
1.06515e+07
0
-205.345
248.853
-2.07977e+06
0
0.0704471
0.00878229
926.678
0
915.832
171.92
1.06496e+07
0
-205.448
249.264
-2.07932e+06
0
0.070489
0.00878752
926.964
0
916.173
172.051
1.06477e+07
0
-205.552
249.676
-2.07888e+06
0
0.0705309
0.00879273
927.25
0
916.514
172.183
1.06458e+07
0
-205.655
250.087
-2.07843e+06
0
0.0705728
0.00879795
927.536
0
916.855
172.315
1.06439e+07
0
-205.758
250.498
-2.07799e+06
0
0.0706146
0.00880317
927.823
0
